(-40840125, 1)
(-40095533, 1)
(-25432324, 1)
(-10378603, 1)
(-3390584, 1)
(-2309895, 1)
(-186319, 1)
(0, 138558599)
(1, 204433915)
(2, 102701985)
(3, 52225819)
(4, 29326226)
(5, 18601912)
(6, 12111043)
(7, 8361057)
(8, 7645531)
(9, 7718104)
(10, 6491776)
(11, 4596180)
(12, 2802588)
(13, 1765398)
(14, 1404311)
(15, 1542844)
(16, 2512133)
(17, 3878066)
(18, 2972489)
(19, 1712045)
(20, 1141004)
(21, 758909)
(22, 352640)
(23, 158272)
(24, 99650)
(25, 75182)
(26, 68880)
(27, 63146)
(28, 64379)
(29, 38129)
(30, 25163)
(31, 19580)
(32, 17581)
(33, 14097)
(34, 12520)
(35, 11697)
(36, 11127)
(37, 8180)
(38, 6625)
(39, 5630)
(40, 4556)
(41, 4207)
(42, 3573)
(43, 3279)
(44, 2737)
(45, 2522)
(46, 2141)
(47, 2093)
(48, 1764)
(49, 1648)
(50, 1908)
(51, 1457)
(52, 1332)
(53, 1245)
(54, 1097)
(55, 981)
(56, 898)
(57, 805)
(58, 748)
(59, 647)
(60, 640)
(61, 526)
(62, 478)
(63, 449)
(64, 393)
(65, 394)
(66, 373)
(67, 338)
(68, 314)
(69, 265)
(70, 297)
(71, 256)
(72, 216)
(73, 202)
(74, 197)
(75, 169)
(76, 160)
(77, 158)
(78, 162)
(79, 141)
(80, 293)
(81, 221)
(82, 159)
(83, 147)
(84, 146)
(85, 129)
(86, 91)
(87, 91)
(88, 89)
(89, 76)
(90, 129)
(91, 96)
(92, 77)
(93, 85)
(94, 86)
(95, 88)
(96, 74)
(97, 77)
(98, 81)
(99, 160)
(100, 178)
(101, 43)
(102, 30)
(103, 22)
(104, 33)
(105, 21)
(106, 26)
(107, 27)
(108, 24)
(109, 23)
(110, 15)
(111, 22)
(112, 23)
(113, 9)
(114, 10)
(115, 15)
(116, 10)
(117, 16)
(118, 16)
(119, 12)
(120, 13)
(121, 10)
(122, 7)
(123, 17)
(124, 12)
(125, 15)
(126, 17)
(127, 11)
(128, 12)
(129, 7)
(130, 9)
(131, 6)
(132, 11)
(133, 14)
(134, 12)
(135, 10)
(136, 9)
(137, 4)
(138, 15)
(139, 12)
(140, 5)
(141, 13)
(142, 13)
(143, 10)
(144, 3)
(145, 17)
(146, 9)
(147, 7)
(148, 6)
(149, 7)
(150, 25)
(151, 10)
(152, 15)
(153, 14)
(154, 14)
(155, 13)
(156, 11)
(157, 15)
(158, 29)
(159, 17)
(160, 28)
(161, 15)
(162, 24)
(163, 30)
(164, 27)
(165, 34)
(166, 30)
(167, 42)
(168, 33)
(169, 36)
(170, 45)
(171, 43)
(172, 51)
(173, 37)
(174, 34)
(175, 42)
(176, 55)
(177, 55)
(178, 44)
(179, 44)
(180, 55)
(181, 46)
(182, 34)
(183, 23)
(184, 42)
(185, 31)
(186, 22)
(187, 22)
(188, 34)
(189, 24)
(190, 22)
(191, 17)
(192, 22)
(193, 18)
(194, 5)
(195, 11)
(196, 14)
(197, 12)
(198, 14)
(199, 16)
(200, 18)
(201, 19)
(202, 48)
(203, 11)
(204, 5)
(205, 10)
(206, 17)
(207, 11)
(208, 16)
(209, 15)
(210, 16)
(211, 14)
(212, 12)
(213, 11)
(214, 6)
(215, 4)
(216, 7)
(217, 9)
(218, 9)
(219, 10)
(220, 7)
(221, 4)
(222, 11)
(223, 3)
(224, 4)
(225, 9)
(226, 6)
(227, 6)
(228, 4)
(229, 4)
(230, 5)
(231, 3)
(232, 6)
(233, 4)
(234, 1)
(235, 3)
(236, 2)
(237, 3)
(238, 4)
(239, 2)
(240, 3)
(241, 1)
(242, 1)
(243, 1)
(244, 2)
(245, 7)
(247, 2)
(248, 1)
(249, 3)
(250, 3)
(251, 1)
(252, 2)
(254, 4)
(255, 1)
(256, 2)
(257, 3)
(258, 2)
(260, 1)
(262, 1)
(263, 2)
(264, 2)
(265, 1)
(267, 1)
(268, 1)
(269, 1)
(270, 3)
(271, 2)
(272, 4)
(274, 1)
(275, 2)
(276, 1)
(280, 1)
(281, 2)
(282, 1)
(283, 2)
(284, 6)
(285, 1)
(286, 2)
(287, 2)
(293, 1)
(296, 2)
(298, 1)
(299, 1)
(300, 34)
(301, 3)
(302, 4)
(303, 2)
(304, 3)
(305, 2)
(306, 2)
(308, 2)
(311, 1)
(312, 1)
(313, 1)
(314, 1)
(315, 1)
(316, 1)
(317, 1)
(318, 7)
(322, 1)
(323, 1)
(324, 1)
(325, 1)
(330, 2)
(333, 1)
(335, 1)
(338, 1)
(340, 1)
(341, 1)
(342, 1)
(344, 2)
(347, 1)
(349, 1)
(350, 2)
(351, 2)
(358, 1)
(359, 1)
(361, 1)
(362, 1)
(365, 1)
(366, 1)
(368, 1)
(375, 1)
(380, 1)
(381, 1)
(386, 1)
(390, 1)
(392, 2)
(394, 1)
(400, 18)
(401, 5)
(402, 3)
(403, 3)
(404, 1)
(405, 4)
(406, 1)
(408, 1)
(409, 2)
(415, 1)
(425, 1)
(427, 1)
(433, 1)
(435, 1)
(436, 1)
(437, 1)
(438, 1)
(442, 4)
(444, 1)
(448, 1)
(450, 1)
(462, 1)
(474, 1)
(478, 1)
(480, 1)
(481, 1)
(485, 2)
(494, 2)
(498, 1)
(500, 147)
(501, 23)
(502, 13)
(503, 13)
(504, 3)
(505, 2)
(506, 1)
(508, 1)
(509, 3)
(510, 3)
(512, 1)
(514, 2)
(518, 2)
(520, 2)
(524, 1)
(525, 1)
(527, 1)
(529, 1)
(536, 1)
(564, 6)
(578, 1)
(580, 2)
(581, 1)
(585, 3)
(587, 1)
(589, 1)
(600, 8)
(601, 7)
(602, 3)
(604, 1)
(606, 2)
(607, 1)
(609, 1)
(610, 3)
(620, 1)
(621, 2)
(625, 1)
(637, 1)
(640, 1)
(641, 1)
(652, 2)
(658, 1)
(666, 1)
(667, 1)
(674, 1)
(680, 2)
(684, 1)
(700, 3)
(701, 4)
(703, 2)
(704, 1)
(708, 1)
(713, 1)
(714, 1)
(721, 1)
(725, 1)
(726, 1)
(728, 1)
(790, 1)
(800, 19)
(801, 14)
(802, 4)
(803, 4)
(805, 6)
(806, 3)
(807, 4)
(808, 1)
(809, 2)
(811, 2)
(812, 1)
(813, 1)
(814, 1)
(816, 1)
(818, 1)
(828, 1)
(831, 3)
(840, 1)
(853, 1)
(855, 1)
(856, 1)
(862, 1)
(873, 1)
(882, 1)
(900, 2)
(916, 1)
(929, 1)
(930, 1)
(997, 1)
(1000, 4)
(1005, 2)
(1030, 2)
(1040, 1)
(1047, 1)
(1084, 1)
(1200, 1)
(1205, 1)
(1210, 1)
(1232, 1)
(1233, 2)
(1274, 2)
(1300, 2)
(1301, 1)
(1313, 1)
(1320, 1)
(1350, 1)
(1403, 1)
(1420, 1)
(1440, 1)
(1442, 1)
(1483, 1)
(1485, 1)
(1500, 1)
(1524, 1)
(1566, 2)
(1574, 1)
(1600, 1)
(1641, 1)
(1650, 1)
(1666, 1)
(1688, 1)
(1792, 1)
(1800, 1)
(1895, 1)
(1965, 1)
(1990, 1)
(2001, 1)
(2091, 1)
(2097, 1)
(2100, 1)
(2139, 1)
(2234, 1)
(2300, 1)
(2500, 2)
(2660, 1)
(2750, 1)
(2800, 2)
(2840, 2)
(3001, 1)
(3008, 10)
(3107, 1)
(3180, 3)
(3199, 1)
(3211, 1)
(3300, 1)
(3505, 1)
(4000, 2)
(4005, 2)
(4202, 1)
(4206, 1)
(4820, 1)
(4900, 1)
(5000, 5)
(5005, 1)
(5053, 2)
(5063, 1)
(5073, 3)
(5100, 1)
(5133, 2)
(5143, 1)
(5200, 1)
(5328, 1)
(5900, 2)
(5921, 1)
(6005, 2)
(6186, 1)
(6369, 1)
(6405, 1)
(6535, 1)
(6667, 1)
(6674, 2)
(6722, 1)
(6746, 1)
(6747, 1)
(7000, 2)
(7454, 1)
(7468, 2)
(7472, 1)
(7500, 1)
(8000, 3)
(8005, 2)
(8045, 1)
(8068, 1)
(8083, 1)
(8095, 1)
(8100, 1)
(8214, 1)
(8248, 1)
(8500, 1)
(8600, 1)
(9000, 1)
(10000, 1)
(10050, 1)
(10302, 1)
(11005, 1)
(12004, 1)
(12094, 1)
(12200, 1)
(12730, 1)
(13005, 1)
(13330, 1)
(13452, 1)
(14500, 1)
(14685, 1)
(14729, 1)
(14730, 1)
(14823, 1)
(15220, 1)
(15682, 1)
(15801, 1)
(15932, 1)
(16503, 1)
(16806, 1)
(18005, 1)
(18551, 1)
(20050, 1)
(20333, 1)
(20639, 1)
(21000, 1)
(21005, 1)
(21826, 1)
(22005, 1)
(22743, 1)
(23005, 2)
(24500, 1)
(25000, 2)
(25005, 1)
(25400, 1)
(26005, 1)
(28400, 5)
(29005, 1)
(30083, 9)
(30300, 1)
(30594, 1)
(31800, 2)
(32005, 1)
(33180, 2)
(34546, 1)
(35005, 1)
(36674, 1)
(38005, 1)
(40000, 1)
(40005, 1)
(40050, 1)
(43000, 1)
(43003, 1)
(45000, 3)
(47106, 1)
(50000, 2)
(50005, 1)
(50033, 3)
(50050, 2)
(50133, 1)
(50233, 1)
(50333, 1)
(50432, 1)
(50433, 1)
(50533, 2)
(50632, 1)
(50633, 1)
(50733, 1)
(50832, 1)
(50833, 1)
(50932, 1)
(50933, 1)
(51032, 1)
(51033, 1)
(51232, 1)
(51332, 1)
(51333, 1)
(51428, 1)
(51432, 1)
(51533, 1)
(52000, 1)
(56005, 1)
(56200, 1)
(60000, 2)
(60050, 1)
(63318, 1)
(65000, 1)
(66674, 2)
(66746, 1)
(66833, 1)
(67468, 1)
(67724, 1)
(70000, 1)
(70050, 1)
(71732, 1)
(72005, 1)
(73023, 1)
(73059, 1)
(77005, 1)
(79740, 1)
(80000, 1)
(80001, 1)
(80051, 1)
(80745, 1)
(83180, 1)
(86029, 1)
(86394, 1)
(86744, 1)
(87230, 1)
(88666, 1)
(90051, 1)
(92000, 1)
(95000, 1)
(95802, 1)
(96760, 1)
(96765, 1)
(98005, 1)
(99155, 1)
(100000, 1)
(100051, 1)
(100502, 1)
(100503, 1)
(110050, 3)
(110284, 1)
(115508, 1)
(120000, 1)
(125000, 1)
(130050, 2)
(130092, 1)
(131091, 2)
(133180, 3)
(135005, 1)
(140004, 1)
(142856, 1)
(146801, 1)
(147005, 1)
(148011, 1)
(150000, 3)
(150004, 1)
(150050, 2)
(151401, 1)
(151694, 1)
(152078, 1)
(156675, 1)
(162167, 1)
(166086, 1)
(166331, 1)
(170051, 1)
(180051, 3)
(188701, 1)
(190761, 1)
(196445, 1)
(200505, 1)
(210000, 1)
(220735, 1)
(225010, 1)
(228255, 1)
(233180, 1)
(234410, 1)
(239946, 1)
(246000, 1)
(250000, 1)
(250051, 1)
(260003, 1)
(261466, 1)
(271853, 1)
(281060, 1)
(284000, 11)
(286303, 1)
(288703, 1)
(290051, 1)
(298914, 1)
(300000, 1)
(300833, 24)
(304434, 1)
(308228, 1)
(318000, 17)
(318116, 1)
(330050, 1)
(331800, 1)
(332840, 1)
(333180, 1)
(350000, 2)
(350050, 1)
(357000, 1)
(357894, 1)
(384206, 1)
(390288, 1)
(419500, 1)
(433180, 1)
(434247, 1)
(436428, 1)
(450000, 2)
(452310, 1)
(481798, 1)
(486752, 1)
(490050, 1)
(500000, 6)
(500050, 1)
(500051, 1)
(500331, 2)
(500332, 1)
(500501, 2)
(501331, 1)
(501332, 1)
(503331, 1)
(504331, 1)
(505331, 1)
(506330, 1)
(507331, 2)
(508328, 1)
(508331, 1)
(509331, 1)
(511330, 1)
(512331, 3)
(514331, 3)
(514332, 1)
(515328, 1)
(515331, 2)
(515566, 1)
(522133, 1)
(526437, 1)
(530849, 1)
(533180, 4)
(536862, 1)
(536870, 1)
(540000, 1)
(550000, 2)
(582331, 1)
(600003, 1)
(600100, 1)
(600501, 1)
(628652, 1)
(633008, 1)
(650000, 1)
(666674, 1)
(666746, 1)
(667470, 1)
(670051, 1)
(674687, 1)
(700503, 1)
(727500, 1)
(733180, 2)
(746807, 1)
(747348, 1)
(800000, 2)
(800001, 1)
(800002, 1)
(800003, 1)
(800005, 1)
(800006, 1)
(800512, 1)
(833180, 7)
(833570, 1)
(834205, 1)
(850000, 1)
(900000, 1)
(928191, 1)
(940000, 1)
(950000, 1)
(1000000, 4)
(1000030, 1)
(1000051, 1)
(1000510, 1)
(1000511, 1)
(1001338, 1)
(1100000, 1)
(1151868, 1)
(1200011, 1)
(1200506, 1)
(1200507, 1)
(1205073, 1)
(1230083, 1)
(1231800, 1)
(1236007, 1)
(1300094, 1)
(1300506, 1)
(1331800, 2)
(1332840, 1)
(1335809, 1)
(1340031, 1)
(1341304, 1)
(1371758, 1)
(1400002, 1)
(1400513, 1)
(1403240, 1)
(1415002, 1)
(1420050, 1)
(1466710, 1)
(1467471, 1)
(1480209, 1)
(1495599, 1)
(1500000, 1)
(1501358, 1)
(1503180, 1)
(1515966, 1)
(1531461, 1)
(1531800, 1)
(1533180, 1)
(1558380, 1)
(1562516, 1)
(1568792, 1)
(1568905, 1)
(1571203, 1)
(1579885, 1)
(1587540, 1)
(1597503, 1)
(1597906, 1)
(1600000, 1)
(1609837, 1)
(1617068, 1)
(1619260, 1)
(1621300, 1)
(1633973, 1)
(1635050, 1)
(1638797, 1)
(1649229, 1)
(1649551, 1)
(1649754, 1)
(1653402, 1)
(1663428, 1)
(1667227, 1)
(1667347, 1)
(1670156, 1)
(1672819, 1)
(1674367, 2)
(1700502, 1)
(1702500, 1)
(1714056, 1)
(1800011, 1)
(1800504, 1)
(1904554, 1)
(2000000, 3)
(2005023, 1)
(2100507, 2)
(2150400, 1)
(2200000, 1)
(2300000, 1)
(2328400, 2)
(2331800, 2)
(2441418, 1)
(2600509, 1)
(2840000, 5)
(2900000, 1)
(3000010, 1)
(3000060, 1)
(3005013, 1)
(3005053, 1)
(3005083, 1)
(3005093, 1)
(3008330, 3)
(3008331, 7)
(3100300, 1)
(3140000, 1)
(3180000, 20)
(3284000, 3)
(3300506, 1)
(3318000, 17)
(3318121, 1)
(3331800, 3)
(3431775, 1)
(3570002, 2)
(3650603, 1)
(3666747, 1)
(3674720, 1)
(4000000, 1)
(4000009, 1)
(4000010, 1)
(4000015, 1)
(4000500, 1)
(4005023, 1)
(4200000, 1)
(4200180, 1)
(4203746, 1)
(4223180, 1)
(4421380, 1)
(4500000, 2)
(4667468, 1)
(4700507, 1)
(5000000, 10)
(5000002, 1)
(5000511, 1)
(5003300, 1)
(5003318, 1)
(5005013, 2)
(5005073, 2)
(5005083, 1)
(5013318, 1)
(5023318, 1)
(5031800, 1)
(5033318, 2)
(5043318, 3)
(5063284, 1)
(5063318, 2)
(5073284, 1)
(5073318, 1)
(5093318, 1)
(5123318, 3)
(5133284, 1)
(5133318, 2)
(5143318, 1)
(5153318, 1)
(5331800, 2)
(5361519, 1)
(5500511, 1)
(6000000, 3)
(6005123, 1)
(6208420, 1)
(6231800, 1)
(6318000, 1)
(6331800, 2)
(6380051, 1)
(6420001, 1)
(6500512, 1)
(6600515, 1)
(6666710, 1)
(6674681, 1)
(6700507, 1)
(6710318, 1)
(6744273, 1)
(6746031, 1)
(6746133, 1)
(6746833, 1)
(6746929, 1)
(6747240, 1)
(6747400, 1)
(6752050, 1)
(6752505, 1)
(6800000, 1)
(6800006, 1)
(6800040, 1)
(6800300, 1)
(6805033, 1)
(6805400, 1)
(6823007, 1)
(6900507, 1)
(6970001, 1)
(7000000, 2)
(7000226, 2)
(7000253, 1)
(7000497, 1)
(7000511, 1)
(7000662, 1)
(7250033, 1)
(7331800, 1)
(7370000, 1)
(7436805, 1)
(7468004, 1)
(7473013, 1)
(7480731, 1)
(7520502, 1)
(7699700, 1)
(7868000, 1)
(7948000, 1)
(8000000, 6)
(8000001, 1)
(8000002, 1)
(8000003, 3)
(8000004, 2)
(8000005, 2)
(8000007, 1)
(8000009, 2)
(8000010, 3)
(8000011, 1)
(8000012, 1)
(8000014, 1)
(8000016, 1)
(8000020, 1)
(8000030, 1)
(8000031, 1)
(8000040, 1)
(8000042, 1)
(8000052, 1)
(8000079, 1)
(8000084, 1)
(8000160, 1)
(8000600, 1)
(8003318, 1)
(8004700, 1)
(8005023, 1)
(8005053, 1)
(8006300, 1)
(8050633, 1)
(8140050, 1)
(8252500, 1)
(8300506, 1)
(8330083, 2)
(8331800, 11)
(8335700, 2)
(8400001, 2)
(8500000, 1)
(8504332, 1)
(8800004, 1)
(8810002, 1)
(8858970, 1)
(9000000, 2)
(9005023, 1)
(9005031, 1)
(9083540, 1)
(9400000, 1)
(9700018, 1)
(10083318, 5)
(10083357, 2)
(11658534, 1)
(11800000, 9)
(11800001, 5)
(11800005, 3)
(11800318, 1)
(12000000, 2)
(12000001, 1)
(12000002, 1)
(12000003, 1)
(12000004, 2)
(12000018, 1)
(12000104, 1)
(12002200, 1)
(12050233, 1)
(12112005, 1)
(12310051, 1)
(12331800, 1)
(12420331, 1)
(12746800, 1)
(13005023, 1)
(13005043, 1)
(13480170, 1)
(14005103, 1)
(14331800, 1)
(14505332, 1)
(14664503, 1)
(14680002, 1)
(14680010, 1)
(14680016, 1)
(14680043, 1)
(14680110, 1)
(14680701, 1)
(14731432, 1)
(15000018, 1)
(15038005, 1)
(15200400, 1)
(15331800, 1)
(15420004, 1)
(15420061, 1)
(15700000, 1)
(19072628, 1)
(59016609, 1)
(198623013, 1)
