(0, 584034202)
(144, 1)
(912, 6)
(960, 1)
(96, 22)
(192, 1)
(240, 1)
(48, 50)
(672, 1)
(720, 1)
(816, 2)
(913, 3)
(1, 8427)
(97, 17)
(49, 76)
(193, 1)
(145, 3)
(817, 1)
(98, 8)
(50, 222)
(2, 302834)
(818, 5)
(530, 5)
(-94, 1)
(3, 4320)
(99, 35)
(147, 4)
(195, 3)
(51, 61)
(675, 1)
(819, 1)
(915, 1)
(100, 56)
(4, 1097730)
(340, 2)
(580, 2)
(52, 69)
(196, 2)
(820, 1)
(148, 2)
(916, 1)
(245, 1)
(197, 1)
(821, 1)
(485, 1)
(5, 27179707)
(581, 1)
(725, 1)
(149, 2)
(101, 39)
(53, 93)
(533, 9)
(534, 1)
(102, 5)
(54, 94)
(6, 15963)
(150, 8)
(295, 2)
(103, 6)
(535, 1)
(583, 1)
(55, 377)
(823, 2)
(919, 1)
(7, 50218)
(151, 3)
(199, 3)
(247, 1)
(8, 93026)
(584, 2)
(680, 1)
(920, 1)
(56, 58)
(104, 8)
(200, 11)
(441, 1)
(585, 1)
(9, 175077)
(729, 1)
(825, 2)
(57, 54)
(105, 28)
(153, 1)
(537, 1)
(538, 1)
(730, 1)
(10, 374695)
(970, 1)
(58, 88)
(154, 4)
(250, 3)
(442, 1)
(346, 1)
(106, 27)
(1450, 1)
(539, 1)
(587, 1)
(299, 1)
(107, 9)
(923, 1)
(11, 357622)
(59, 60)
(635, 1)
(155, 4)
(395, 1)
(12, 129521)
(924, 1)
(300, 8)
(108, 5)
(204, 1)
(60, 136)
(540, 7)
(925, 1)
(13, 56579)
(109, 11)
(829, 1)
(157, 1)
(205, 5)
(253, 1)
(301, 1)
(349, 1)
(445, 2)
(61, 56)
(206, 2)
(110, 23)
(62, 47)
(14, 70950)
(158, 2)
(831, 1)
(975, 1)
(15, 129680)
(255, 2)
(783, 1)
(303, 1)
(495, 1)
(591, 1)
(111, 19)
(63, 23)
(64, 21)
(400, 10)
(-80, 1)
(976, 1)
(112, 8)
(160, 5)
(208, 1)
(256, 4)
(1120, 1)
(16, 109626)
(544, 2)
(545, 17)
(113, 1)
(65, 55)
(209, 2)
(161, 2)
(305, 2)
(353, 1)
(17, 66173)
(785, 1)
(833, 1)
(881, 1)
(-30, 1)
(18, 43537)
(66, 46)
(306, 1)
(210, 2)
(1410, 1)
(450, 13)
(114, 5)
(882, 1)
(19, 17006)
(67, 26)
(547, 1)
(595, 1)
(115, 9)
(931, 3)
(-29, 2)
(116, 14)
(164, 3)
(68, 28)
(260, 2)
(500, 24)
(980, 2)
(212, 1)
(932, 1)
(20, 10691)
(165, 1)
(405, 7)
(117, 5)
(981, 1)
(837, 1)
(309, 1)
(-27, 1)
(21, 9240)
(69, 13)
(885, 3)
(214, 1)
(262, 2)
(358, 1)
(-26, 2)
(502, 1)
(550, 2)
(886, 1)
(310, 1)
(22, 4685)
(70, 59)
(118, 2)
(166, 3)
(311, 1)
(455, 1)
(71, 25)
(551, 3)
(599, 1)
(503, 2)
(839, 1)
(119, 5)
(23, 6112)
(167, 1)
(215, 1)
(504, 6)
(-24, 1)
(600, 8)
(24, 1301)
(120, 19)
(168, 2)
(216, 1)
(72, 15)
(409, 1)
(553, 1)
(-23, 1)
(121, 7)
(73, 13)
(25, 4914)
(505, 35)
(313, 1)
(169, 3)
(650, 1)
(554, 36)
(-70, 1)
(26, 1262)
(74, 10)
(170, 2)
(122, 6)
(362, 1)
(506, 5)
(410, 1)
(555, 3)
(315, 2)
(843, 1)
(75, 46)
(-21, 1)
(27, 1078)
(171, 2)
(267, 1)
(123, 8)
(411, 1)
(507, 1)
(652, 6)
(700, 4)
(460, 1)
(76, 14)
(-20, 1)
(124, 2)
(172, 4)
(220, 2)
(412, 3)
(28, 941)
(508, 4)
(556, 3)
(1901, 1)
(-19, 3)
(125, 6)
(653, 1)
(77, 19)
(269, 1)
(29, 754)
(221, 2)
(509, 3)
(605, 1)
(750, 1)
(-18, 4)
(30, 874)
(126, 3)
(78, 14)
(366, 1)
(990, 4)
(414, 2)
(510, 7)
(1566, 1)
(222, 1)
(-17, 8)
(31, 435)
(175, 1)
(79, 11)
(415, 2)
(511, 2)
(559, 7)
(895, 1)
(127, 3)
(32, 358)
(800, 6)
(-16, 8)
(128, 4)
(80, 50)
(320, 1)
(560, 2)
(608, 1)
(129, 4)
(-15, 7)
(81, 15)
(33, 270)
(321, 1)
(177, 1)
(705, 2)
(34, 248)
(82, 23)
(130, 11)
(-14, 2)
(418, 1)
(562, 1)
(610, 1)
(946, 1)
(611, 1)
(83, 8)
(35, 308)
(131, 2)
(227, 3)
(275, 2)
(419, 1)
(179, 1)
(755, 2)
(995, 1)
(-13, 43)
(180, 7)
(900, 23)
(324, 1)
(372, 1)
(564, 1)
(948, 1)
(84, 11)
(-12, 52)
(36, 193)
(133, 1)
(805, 7)
(373, 2)
(517, 1)
(565, 2)
(613, 2)
(661, 2)
(181, 1)
(37, 200)
(85, 216)
(-11, 73)
(86, 16)
(518, 1)
(854, 1)
(566, 1)
(-10, 25)
(38, 115)
(134, 3)
(375, 1)
(231, 1)
(519, 1)
(999, 2)
(711, 1)
(87, 10)
(39, 109)
(135, 4)
(183, 1)
(40, 188)
(808, 1)
(712, 1)
(1000, 2)
(-8, 14)
(88, 16)
(136, 1)
(521, 1)
(905, 7)
(1001, 1)
(89, 23)
(41, 158)
(137, 3)
(-7, 1)
(233, 1)
(185, 4)
(666, 1)
(42, 106)
(810, 7)
(954, 2)
(90, 35)
(138, 3)
(186, 2)
(234, 1)
(-6, 565)
(330, 1)
(570, 2)
(43, 105)
(811, 8)
(523, 1)
(907, 1)
(955, 1)
(-5, 5)
(139, 4)
(187, 1)
(91, 32)
(812, 6)
(188, 1)
(-100, 1)
(140, 2)
(44, 246)
(908, 1)
(92, 15)
(524, 1)
(572, 1)
(45, 106)
(813, 1)
(-99, 1)
(909, 1)
(93, 9)
(-3, 4)
(141, 3)
(189, 1)
(285, 1)
(477, 1)
(621, 2)
(910, 6)
(94, 8)
(46, 74)
(190, 1)
(238, 1)
(286, 1)
(-1, 5)
(-2, 2)
(815, 2)
(911, 4)
(47, 59)
(239, 1)
(1007, 1)
(335, 3)
(95, 317)
