(0, 270371644)
(144, 25)
(96, 243)
(1200, 1)
(192, 4)
(240, 23)
(288, 3)
(48, 1501)
(336, 1)
(384, 1)
(480, 2)
(528, 2)
(1, 152962955)
(-47, 1)
(97, 196)
(49, 937)
(193, 4)
(241, 1)
(289, 2)
(337, 1)
(145, 47)
(433, 2)
(625, 1)
(194, 4)
(50, 8919)
(98, 111)
(146, 27)
(242, 3)
(290, 2)
(338, 1)
(2, 94251294)
(818, 1)
(770, 1)
(530, 1)
(3, 39044187)
(99, 154)
(147, 40)
(195, 11)
(243, 1)
(339, 1)
(387, 1)
(51, 1341)
(-93, 1)
(-45, 1)
(100, 2484)
(4, 17962354)
(244, 4)
(292, 2)
(340, 3)
(436, 1)
(580, 1)
(52, 1652)
(196, 8)
(148, 17)
(245, 4)
(197, 25)
(341, 1)
(485, 1)
(149, 20)
(-91, 2)
(293, 2)
(5, 11825891)
(53, 750)
(101, 115)
(246, 4)
(294, 1)
(102, 61)
(198, 9)
(534, 1)
(-90, 2)
(-42, 1)
(6, 6716939)
(54, 830)
(150, 342)
(390, 1)
(295, 2)
(343, 1)
(391, 1)
(103, 51)
(151, 22)
(823, 1)
(-41, 4)
(55, 2597)
(7, 5093623)
(631, 1)
(199, 12)
(247, 2)
(440, 5)
(8, 3747623)
(152, 20)
(-88, 2)
(-40, 4)
(56, 915)
(104, 68)
(200, 350)
(296, 6)
(441, 1)
(9, 2101326)
(777, 1)
(921, 1)
(105, 151)
(57, 961)
(969, 1)
(153, 9)
(201, 1)
(249, 1)
(297, 3)
(490, 1)
(202, 16)
(58, 938)
(106, 56)
(154, 13)
(250, 83)
(-38, 2)
(346, 2)
(10, 3317436)
(11, 3331345)
(107, 68)
(-37, 1)
(635, 1)
(155, 67)
(203, 3)
(251, 3)
(299, 13)
(347, 5)
(59, 443)
(395, 2)
(443, 1)
(156, 17)
(12, 707510)
(108, 66)
(204, 3)
(252, 5)
(300, 72)
(396, 3)
(444, 7)
(60, 3772)
(-36, 2)
(540, 1)
(61, 518)
(877, 1)
(-131, 1)
(13, 589764)
(109, 37)
(-35, 4)
(205, 4)
(253, 5)
(349, 1)
(445, 4)
(157, 11)
(-82, 1)
(158, 11)
(-34, 3)
(14, 843964)
(62, 909)
(302, 3)
(206, 1)
(254, 3)
(350, 17)
(110, 338)
(542, 2)
(-81, 2)
(-33, 2)
(15, 441729)
(159, 7)
(207, 3)
(111, 324)
(303, 4)
(399, 3)
(495, 2)
(63, 592)
(255, 12)
(447, 5)
(64, 391)
(400, 30)
(-80, 4)
(880, 1)
(112, 130)
(160, 96)
(208, 2)
(256, 3)
(16, 141962)
(352, 1)
(448, 1)
(496, 3)
(544, 1)
(161, 5)
(-31, 1)
(113, 48)
(65, 1501)
(209, 2)
(257, 1)
(305, 3)
(17, 256937)
(449, 1)
(737, 1)
(-30, 3)
(450, 21)
(66, 712)
(114, 60)
(162, 12)
(258, 1)
(306, 2)
(18, 94912)
(210, 12)
(19, 53364)
(67, 518)
(1603, 1)
(163, 7)
(211, 9)
(259, 2)
(307, 1)
(355, 2)
(403, 2)
(499, 2)
(115, 184)
(-221, 1)
(116, 73)
(68, 506)
(260, 9)
(308, 1)
(404, 2)
(500, 13)
(212, 5)
(164, 6)
(-76, 1)
(980, 1)
(20, 145322)
(213, 4)
(165, 28)
(357, 2)
(549, 1)
(645, 1)
(117, 122)
(-27, 2)
(21, 35549)
(69, 304)
(261, 2)
(214, 1)
(310, 1)
(550, 5)
(262, 3)
(454, 4)
(406, 1)
(358, 1)
(886, 1)
(118, 54)
(-74, 1)
(-26, 2)
(22, 40319)
(70, 1729)
(166, 19)
(311, 1)
(359, 1)
(551, 2)
(71, 349)
(-25, 5)
(-73, 1)
(119, 31)
(23, 24234)
(167, 17)
(215, 11)
(360, 3)
(552, 1)
(72, 428)
(600, 6)
(744, 1)
(168, 7)
(-24, 2)
(888, 2)
(24, 21291)
(120, 404)
(216, 1)
(312, 1)
(457, 1)
(-23, 5)
(-71, 2)
(121, 48)
(73, 228)
(217, 2)
(25, 41475)
(265, 4)
(169, 9)
(266, 4)
(650, 6)
(698, 1)
(74, 241)
(-118, 1)
(-70, 1)
(-22, 4)
(122, 67)
(170, 47)
(218, 4)
(26, 14381)
(410, 9)
(75, 1133)
(363, 1)
(843, 1)
(555, 3)
(-21, 4)
(27, 13085)
(171, 10)
(315, 1)
(123, 34)
(411, 3)
(459, 1)
(460, 1)
(172, 10)
(-68, 2)
(76, 289)
(-20, 9)
(28, 11426)
(124, 23)
(220, 39)
(316, 1)
(364, 1)
(700, 3)
(-19, 5)
(125, 140)
(173, 6)
(77, 402)
(365, 2)
(29, 7032)
(269, 1)
(221, 4)
(750, 7)
(-18, 7)
(30, 28046)
(78, 236)
(558, 1)
(174, 6)
(222, 53)
(270, 11)
(366, 1)
(606, 1)
(126, 54)
(-65, 3)
(-17, 5)
(31, 5817)
(175, 31)
(223, 11)
(271, 1)
(79, 164)
(655, 1)
(127, 50)
(32, 6759)
(128, 38)
(-16, 14)
(176, 9)
(224, 5)
(272, 3)
(80, 1594)
(320, 3)
(416, 1)
(464, 1)
(608, 1)
(800, 6)
(-111, 1)
(33, 7157)
(-63, 1)
(-15, 13)
(81, 456)
(753, 1)
(129, 19)
(177, 11)
(225, 18)
(273, 1)
(465, 1)
(609, 1)
(-62, 3)
(34, 4089)
(82, 304)
(130, 160)
(178, 11)
(226, 5)
(370, 3)
(322, 3)
(850, 8)
(418, 1)
(-14, 16)
(83, 170)
(35, 8660)
(131, 22)
(179, 4)
(227, 3)
(275, 2)
(323, 3)
(419, 1)
(-13, 8)
(-205, 1)
(-61, 1)
(995, 1)
(132, 26)
(228, 8)
(324, 1)
(372, 2)
(420, 4)
(612, 1)
(84, 191)
(-156, 1)
(180, 79)
(900, 5)
(-60, 2)
(-12, 28)
(36, 4045)
(277, 4)
(133, 37)
(325, 6)
(997, 1)
(661, 1)
(181, 9)
(-107, 1)
(-11, 52)
(37, 3712)
(85, 441)
(-59, 1)
(230, 10)
(278, 1)
(326, 1)
(86, 244)
(-58, 1)
(470, 1)
(854, 1)
(-10, 29)
(950, 3)
(998, 1)
(38, 3218)
(134, 22)
(182, 10)
(279, 2)
(471, 1)
(135, 68)
(-9, 13)
(999, 9)
(375, 3)
(39, 2226)
(87, 227)
(183, 6)
(231, 2)
(328, 2)
(376, 1)
(472, 1)
(520, 1)
(40, 11691)
(136, 31)
(-8, 27)
(88, 343)
(-440, 1)
(184, 5)
(232, 3)
(280, 13)
(425, 1)
(473, 1)
(569, 1)
(137, 40)
(905, 1)
(-55, 3)
(329, 1)
(89, 135)
(41, 2494)
(-7, 18)
(233, 8)
(185, 25)
(282, 4)
(714, 1)
(42, 2608)
(90, 685)
(138, 19)
(186, 10)
(234, 2)
(-6, 34)
(330, 2)
(91, 269)
(331, 6)
(-53, 1)
(-5, 37)
(43, 1732)
(139, 10)
(187, 8)
(235, 4)
(283, 1)
(859, 1)
(92, 185)
(-100, 4)
(140, 150)
(-4, 65)
(44, 2016)
(188, 13)
(332, 4)
(380, 4)
(3950588, 1)
(-52, 2)
(45, 4164)
(-3, 258)
(141, 32)
(93, 153)
(-51, 2)
(237, 1)
(285, 3)
(333, 11)
(189, 5)
(910, 1)
(-2, 629)
(46, 1604)
(94, 88)
(142, 26)
(190, 28)
(238, 4)
(334, 2)
(286, 1)
(430, 2)
(622, 1)
(-1, 993)
(-97, 1)
(47, 1585)
(143, 17)
(239, 2)
(287, 1)
(335, 3)
(95, 284)
(671, 1)
(191, 6)
