(0, 48827184)
(6000, 2)
(960, 2)
(187440, 2)
(-960, 1)
(240, 1394)
(4800, 1)
(1440, 1)
(480, 81)
(-480, 1)
(720, 3)
(-240, 9)
(865, 6)
(75745, 1)
(2065, 1)
(1105, 1)
(-95, 62)
(385, 66)
(145, 7544)
(625, 6)
(-335, 1)
(200545, 1)
(1010, 1)
(770, 1)
(8450, 7)
(290, 322)
(3410, 1)
(50, 13245296)
(6770, 6)
(530, 9)
(-190, 8)
(2115, 1)
(124515, 1)
(195, 2524)
(435, 35)
(675, 6)
(-285, 2)
(915, 2)
(-45, 163)
(100, 70770)
(580, 20)
(3940, 1)
(100660, 1)
(-380, 1)
(2020, 35)
(340, 166)
(820, 3)
(8020, 1)
(4180, 1)
(-140, 37)
(5285, 1)
(245, 1035)
(965, 4)
(-235, 6)
(725, 4)
(6005, 1)
(1925, 1)
(408485, 1)
(5, 271492985)
(485, 63)
(630, 5)
(870, 3)
(2550, 1)
(111270, 1)
(2790, 1)
(153270, 1)
(-90, 90)
(150, 20035)
(390, 93)
(295, 435)
(775, 4)
(-425, 2)
(-185, 11)
(535, 7)
(4135, 1)
(55, 711578)
(1400, 1)
(200, 9083)
(1640, 1)
(680, 7)
(-280, 2)
(5000, 2)
(-40, 229)
(440, 78)
(126345, 1)
(2505, 1)
(9705, 1)
(585, 19)
(410265, 1)
(105, 25072)
(825, 4)
(133065, 1)
(-135, 19)
(-615, 1)
(345, 118)
(-470, 1)
(1690, 1)
(730, 1)
(-1430, 1)
(1930, 1)
(970, 2)
(10, 144816532)
(3130, 11)
(1210, 1)
(154810, 1)
(250, 3232)
(-230, 9)
(490, 81)
(1595, 1)
(155, 5330)
(825995, 2)
(-325, 2)
(875, 3)
(-85, 72)
(3035, 1)
(1115, 1)
(635, 9)
(395, 85)
(37355, 1)
(1740, 1)
(780, 4)
(300, 2303)
(-180, 11)
(1500, 1)
(7020, 1)
(2460, 1)
(60, 607913)
(540, 6)
(685, 4)
(925, 1)
(-275, 7)
(-35, 136)
(166045, 1)
(205, 2111)
(445, 33)
(333325, 1)
(5245, 1)
(93950, 2)
(830, 3)
(153230, 1)
(110, 35787)
(61550, 1)
(350, 708)
(1550, 1)
(-370, 1)
(590, 12)
(-130, 26)
(975, 1)
(15, 62191121)
(1215, 1)
(495, 224)
(255, 602)
(735, 5)
(-225, 6)
(160, 7754)
(640, 7)
(-80, 201)
(3040, 1)
(880, 5)
(5200, 1)
(1120, 1)
(6400, 1)
(400, 1043)
(4000, 5)
(631120, 1)
(-320, 2)
(5920, 1)
(65, 490222)
(-655, 1)
(398465, 2)
(1265, 1)
(115985, 1)
(305, 141)
(7025, 1)
(545, 10)
(785, 4)
(-175, 10)
(-30, 276)
(379170, 1)
(-270, 5)
(1410, 3)
(450, 467)
(210, 2044)
(2610, 1)
(690, 4)
(930, 1)
(355, 280)
(268435, 1)
(158995, 1)
(115, 22338)
(595, 10)
(835, 2)
(107395, 1)
(2755, 24)
(-125, 42)
(2035, 1)
(260, 938)
(91460, 1)
(1460, 1)
(500, 349)
(-460, 1)
(1700, 1)
(980, 3)
(740, 2)
(171860, 1)
(-220, 10)
(20, 29607225)
(165, 4837)
(645, 3)
(405, 42)
(-75, 129)
(4005, 2)
(885, 2)
(310, 258)
(790, 2)
(550, 38)
(-410, 1)
(-170, 19)
(-650, 2)
(10150, 1)
(70, 336025)
(-25, 807)
(-265, 1)
(455, 51)
(695, 5)
(215, 1437)
(360, 106)
(600, 58)
(93960, 1)
(9000, 3)
(840, 5)
(-120, 90)
(3000, 2)
(1080, 1)
(120, 35306)
(20040, 1)
(505, 7)
(-455, 1)
(745, 4)
(-215, 6)
(985, 2)
(4585, 1)
(12745, 1)
(25, 17097907)
(265, 495)
(2425, 1)
(650, 21)
(-310, 1)
(170, 5248)
(88970, 1)
(-70, 198)
(890, 3)
(4010, 1)
(410, 67)
(555, 10)
(315, 172)
(-645, 1)
(-165, 12)
(75, 184113)
(1995, 1)
(-405, 1)
(795, 2)
(-260, 4)
(628540, 2)
(220, 2465)
(940, 1)
(460, 53)
(-20, 1422)
(700, 29)
(3580, 1)
(-500, 1)
(3725, 1)
(9005, 1)
(845, 4)
(133085, 1)
(2045, 1)
(125, 19214)
(-115, 29)
(605, 11)
(365, 98)
(3005, 4)
(31470, 1)
(4590, 1)
(-210, 7)
(30, 11685070)
(750, 22)
(270, 600)
(-450, 11)
(510, 5)
(7710, 1)
(990, 11)
(-65, 187)
(175, 4604)
(655, 18)
(415, 45)
(2815, 1)
(338815, 1)
(320, 290)
(-640, 1)
(2000, 1)
(-160, 25)
(8000, 4)
(82160, 1)
(80, 123302)
(1520, 1)
(560, 16)
(-400, 10)
(800, 43)
(225, 1752)
(3105, 1)
(945, 2)
(705, 1)
(12465, 1)
(1425, 1)
(-15, 799)
(465, 80)
(1665, 1)
(-255, 1)
(3010, 1)
(130, 18446)
(370, 134)
(610, 5)
(850, 10)
(335410, 1)
(-350, 1)
(186130, 1)
(8050, 1)
(-110, 49)
(35, 6688811)
(515, 9)
(325475, 1)
(6755, 1)
(202115, 1)
(150995, 1)
(275, 619)
(755, 1)
(-205, 6)
(152435, 1)
(995, 52)
(180, 5656)
(420, 70)
(-300, 19)
(660, 6)
(900, 76)
(-60, 320)
(-155, 12)
(325, 244)
(4885, 1)
(565, 9)
(8005, 6)
(2005, 1)
(1045, 1)
(85, 81588)
(805, 7)
(230, 1465)
(-10, 11439)
(710, 2)
(470, 51)
(-490, 2)
(-250, 29)
(1430, 1)
(950, 33)
(429495, 1)
(615, 2)
(322695, 1)
(-345, 1)
(93975, 1)
(427815, 1)
(855, 1)
(-105, 30)
(22455, 1)
(3015, 1)
(375, 174)
(135, 11394)
(647560, 1)
(520, 10)
(40, 3699073)
(-200, 64)
(7000, 4)
(760, 5)
(1000, 4)
(210520, 1)
(280, 670)
(425, 78)
(6665, 1)
(-55, 7655)
(905, 1)
(185, 3508)
(665, 10)
(1385, 1)
(570, 9)
(20970, 1)
(810, 4)
(8010, 5)
(1050, 1)
(90, 67899)
(330, 209)
(-150, 93)
(235, 853)
(1675, 1)
(715, 3)
(-245, 5)
(955, 4)
(-5, 85410)
(1435, 1)
(475, 103)
(620, 4)
(380, 126)
(-100, 196)
(140, 14161)
(3020, 1)
(860, 4)
(1580, 1)
(45, 1889610)
(-195, 4)
(1005, 4)
(765, 1)
(285, 393)
(525, 6)
(503325, 1)
(-435, 2)
(-50, 281)
(190, 3443)
(670, 27)
(910, 1)
(430, 49)
(168430, 2)
(-290, 2)
(815, 1)
(133055, 1)
(-385, 1)
(23615, 1)
(95, 47398)
(335, 112)
(505295, 1)
(-145, 17)
(575, 7)
