(0, (23781222, 381269336.5799727))
(1, (17510230, 272088342.9899817))
(2, (12913670, 198054136.0899895))
(3, (9427527, 149680728.4699954))
(4, (7037540, 127988061.05999945))
(5, (6366124, 128011944.11000021))
(6, (13419850, 213399148.73998615))
(7, (22622444, 330312598.1599701))
(8, (27625283, 404864251.3999718))
(9, (28397135, 414979768.6099681))
(10, (27803212, 408856356.30396193))
(11, (28819500, 429363834.7299648))
(12, (30227138, 452791765.2499655))
(13, (30051453, 465051768.75997096))
(14, (31065935, 496647513.88998103))
(15, (29622801, 477078286.7699739))
(16, (25539347, 428980397.9599695))
(17, (30626750, 496512991.64998263))
(18, (36923899, 566808811.9700067))
(19, (38164296, 567946410.250005))
(20, (36052689, 539018595.8799891))
(21, (35585508, 546755790.8899934))
(22, (34365216, 541313556.1699915))
(23, (30216125, 487995146.2199779))
